-16.3591209393 12.0772968789 23 37 74 85 
-25.0427462762 45.7719167748 25 28 39 42 86 92 
36.5708260228 -13.346303001 29 36 41 80 
-39.4221695737 -27.4990027855 4 18 24 30 57 
-37.4806124106 -28.176148119 3 24 30 77 99 
22.1261608887 37.224576782 53 54 66 68 96 
-7.43550723215 84.3652780681 25 39 62 66 81 
9.51114161883 23.9572925301 16 43 44 49 53 54 67 
-10.3581476727 -27.5164726904 31 38 47 63 76 97 
43.7789324057 -46.2319524549 11 26 41 75 79 82 
-32.018053111 5.53438581046 37 45 48 64 74 90 93 98 
31.2422918719 -54.399114617 9 75 82 91 
17.3742825581 7.49304279676 14 16 32 43 56 72 
-6.90347772046 -18.0084758819 27 31 46 47 55 83 
14.2635145762 1.71251884246 12 32 55 56 61 88 95 
36.5544611024 -1.3222597864 26 29 40 51 89 
4.24781867181 14.489872529 7 12 43 56 67 85 
-31.9813284309 -19.1782045912 20 34 35 65 78 
-39.5744639818 -23.0384670565 3 24 34 35 57 71 
38.6965153188 25.6287284548 21 33 52 58 62 73 96 
-25.1443729017 -15.7295682851 17 48 65 78 83 97 
39.6482120746 38.6815019522 19 62 81 84 96 
-45.3224859558 5.42133579098 57 64 71 86 87 90 98 
-16.2448606492 13.4102309398 0 37 67 85 
-36.8721131321 -27.4471487266 3 4 18 34 99 
-18.7585068494 66.4982342116 1 6 39 42 66 
49.5630501975 9.92689412863 9 15 29 40 41 58 62 73 
-11.1221215768 -4.81767437113 13 48 55 74 83 85 
-20.5209734766 36.1037429324 1 37 42 45 49 67 92 
39.0902221187 -5.49136940936 2 15 26 41 51 80 
-32.2895527892 -61.4410749208 3 4 38 57 75 77 
-7.27636086205 -22.8658836791 8 13 47 83 97 
19.6272938385 2.97925474557 12 14 72 88 89 
38.4366499996 17.7927601635 19 40 52 70 73 
-34.5847027707 -23.7706880488 17 18 24 35 65 99 
-38.7282650409 -21.1200977528 17 18 34 71 78 
38.9197918384 -20.8848125383 2 41 50 60 80 
-24.9566342734 13.9361539183 0 10 23 28 45 67 74 
-11.7991057717 -38.961482483 8 30 63 75 76 77 
-44.844853642 53.9875031883 1 6 25 86 
36.2306194231 6.8074704342 15 26 33 70 73 89 
44.8222829963 -19.026804722 2 9 26 29 36 50 79 
-13.3908638874 45.0828929148 1 25 28 49 66 
14.9940701473 16.3390180854 7 12 16 44 72 
18.4655264602 20.8786902454 7 43 52 54 72 
-39.6949314555 16.8572518327 10 28 37 64 87 92 
9.06326870558 -21.6136118529 13 47 55 61 69 82 91 
-2.51837500554 -26.3988032086 8 13 31 46 63 91 
-22.6728394164 -3.24113683081 10 20 27 74 78 83 93 
-4.63732604291 35.9058748632 7 28 42 53 66 67 
41.2075513557 -21.9126638353 36 41 60 79 
26.9265340172 -3.93029589706 15 29 80 88 89 94 95 
28.8560594816 14.5455528818 19 33 44 54 70 72 89 96 
14.9502655839 38.3636317475 5 7 49 54 66 
18.6996869682 24.3980106332 5 7 44 52 53 96 
2.68800874741 -1.77317046883 13 14 27 46 56 61 85 
3.93357575861 3.59910885976 12 14 16 55 85 
-48.4670481207 -13.1343865173 3 18 22 30 71 86 
48.4900931691 26.4364216688 19 26 62 73 
-37.186014209 -6.78322290364 71 78 93 98 
32.2737563916 -25.5882733871 36 50 69 79 80 82 
14.8892505167 -7.43612690551 14 46 55 69 94 95 
48.6392883217 35.8412414077 6 19 21 26 58 81 
-4.5818834347 -33.259445233 8 38 47 75 91 
-40.9133430617 9.58040230226 10 22 45 87 90 
-27.7734173052 -23.6025760537 17 20 34 76 77 97 99 
16.0708579932 41.0444064282 5 6 25 42 49 53 68 81 
-10.0445054898 23.881158459 7 16 23 28 37 49 85 
22.6794554617 41.1868529708 5 66 81 84 96 
27.1456880871 -24.8930457955 46 60 61 80 82 94 
30.5298817726 12.2796399782 33 40 52 89 
-45.5425319059 -12.4570407622 18 22 35 57 59 78 98 
20.5015313072 9.48143586345 12 32 43 44 52 89 
43.1409923806 16.1181433277 19 26 33 40 58 
-16.264360475 1.05614415839 0 10 27 37 48 85 
20.6200219979 -64.3224347445 9 11 30 38 63 91 
-16.9476005165 -33.5272735674 8 38 65 77 97 
-29.0666744168 -31.8658358801 4 30 38 65 76 99 
-34.9288039684 -12.6083313339 17 20 35 48 59 71 93 
43.688334255 -34.5533140889 9 41 50 60 82 
35.3414849965 -12.9820349218 2 29 36 51 60 69 94 
29.5082938692 48.1143724521 6 21 62 66 68 84 
27.690053853 -27.4047120008 9 11 46 60 69 79 91 
-18.5558417522 -11.8395713477 13 20 27 31 48 97 
35.4212953934 38.2275887439 21 68 81 96 
-4.76286011819 8.92351500583 0 16 23 27 55 56 67 74 
-46.7554783107 34.0270085846 1 22 39 57 87 92 
-44.538289237 10.3601808337 22 45 64 86 92 
19.7507272167 2.22943110397 14 32 51 89 95 
26.3774427481 5.9341933912 15 32 40 51 52 70 72 88 
-39.2687619939 5.88451419552 10 22 64 98 
3.393843185 -27.5711032243 11 46 47 63 75 82 
-45.0563243447 29.6399182692 1 28 45 86 87 
-35.8602151864 -4.31561761561 10 48 59 78 98 
23.1187704142 -6.42533587344 51 61 69 80 95 
19.8204446757 -3.77083154936 14 51 61 88 94 
31.9895269065 33.6841308366 5 19 21 52 54 68 84 
-23.6576179123 -17.2738395008 8 20 31 65 76 83 
-41.146998151 2.61858742661 10 22 59 71 90 93 
-32.6133919375 -29.5345588617 4 24 34 65 77 
